face_128_326_108.png
[44 80 73 73]
face_136_245_126.png
[43 76 77 77]
face_165_132_79.png
[39 72 81 81]
face_168_638_76.png
[43 71 73 73]
face_208_170_115.png
[37 78 73 73]
face_209_55_78.png
[46 38 69 69]
face_214_99_108.png
[41 77 66 66]
face_227_303_150.png
[45 75 70 70]
face_250_136_15.png
[41 47 67 67]
face_250_181_154.png
[41 50 79 79]
face_260_173_131.png
face_265_170_51.png
[43 75 70 70]
face_277_225_56.png
[38 70 84 84]
face_27_136_113.png
face_286_77_58.png
face_295_113_81.png
face_303_158_140.png
[44 74 72 72]
face_311_221_73.png
face_322_170_135.png
[42 80 71 71]
face_322_322_38.png
face_326_130_21.png
[47 41 76 76]
face_328_209_46.png
[46 48 72 72]
face_332_124_33.png
[46 58 71 71]
face_341_160_137.png
[45 80 67 67]
face_357_256_119.png
face_361_115_129.png
[52 69 66 66]
face_363_253_144.png
[39 80 76 76]
face_370_580_110.png
[35 66 87 87]
face_385_110_90.png
[42 75 68 68]
face_392_130_71.png
face_398_290_65.png
face_404_144_123.png
[37 68 82 82]
face_409_197_37.png
[48 78 68 68]
face_412_76_108.png
face_422_672_7.png
[43 75 79 79]
face_429_214_130.png
[45 51 74 74]
face_447_216_121.png
face_477_159_49.png
[54 55 65 65]
face_489_130_83.png
[41 77 65 65]
face_506_632_88.png
face_531_113_29.png
[52 58 64 64]
face_542_102_134.png
face_550_132_79.png
face_553_15_24.png
face_559_356_147.png
[43 70 73 73]
face_560_145_77.png
face_563_56_31.png
[44  7 73 73]
face_568_250_96.png
face_569_132_132.png
face_574_143_89.png
[46 91 55 55]
face_585_237_117.png
[39 70 74 74]
face_590_180_107.png
[42 74 73 73]
face_604_367_106.png
face_632_189_54.png
[40 82 62 62]
face_638_172_18.png
[42 76 82 82]
face_641_448_151.png
[34 58 91 91]
face_670_483_89.png
[47 82 65 65]
face_711_34_83.png
[43 56 81 81]
face_759_142_0.png
[52 77 60 60]
face_858_187_45.png
[42 70 79 79]
face_870_205_94.png
face_93_104_36.png
[40 68 76 76]
face_949_105_157.png
[42 69 77 77]
face_986_208_103.png
[47 74 63 63]
